=== Run information ===

Scheme:       weka.classifiers.lazy.IBk -K 1 -W 0 -A "weka.core.neighboursearch.LinearNNSearch -A \"weka.core.EuclideanDistance -R first-last\""
Relation:     abalone-weka.filters.unsupervised.attribute.NumericToNominal-Rlast
Instances:    4177
Attributes:   9
              sex
               length
               diameter
               height
               whole_weight
               shucked_weight
               viscera_weight
               shell_weight
               rings
Test mode:    evaluate on training data

=== Classifier model (full training set) ===

IB1 instance-based classifier
using 1 nearest neighbour(s) for classification


Time taken to build model: 0 seconds

=== Evaluation on training set ===

Time taken to test model on training data: 0.62 seconds

=== Summary ===

Correctly Classified Instances        4177              100      %
Incorrectly Classified Instances         0                0      %
Kappa statistic                          1     
Mean absolute error                      0.0005
Root mean squared error                  0.0012
Relative absolute error                  0.7167 %
Root relative squared error              0.691  %
Total Number of Instances             4177     

=== Detailed Accuracy By Class ===

                 TP Rate  FP Rate  Precision  Recall   F-Measure  MCC      ROC Area  PRC Area  Class
                 1.000    0.000    1.000      1.000    1.000      1.000    1.000     1.000     1
                 1.000    0.000    1.000      1.000    1.000      1.000    1.000     1.000     2
                 1.000    0.000    1.000      1.000    1.000      1.000    1.000     1.000     3
                 1.000    0.000    1.000      1.000    1.000      1.000    1.000     1.000     4
                 1.000    0.000    1.000      1.000    1.000      1.000    1.000     1.000     5
                 1.000    0.000    1.000      1.000    1.000      1.000    1.000     1.000     6
                 1.000    0.000    1.000      1.000    1.000      1.000    1.000     1.000     7
                 1.000    0.000    1.000      1.000    1.000      1.000    1.000     1.000     8
                 1.000    0.000    1.000      1.000    1.000      1.000    1.000     1.000     9
                 1.000    0.000    1.000      1.000    1.000      1.000    1.000     1.000     10
                 1.000    0.000    1.000      1.000    1.000      1.000    1.000     1.000     11
                 1.000    0.000    1.000      1.000    1.000      1.000    1.000     1.000     12
                 1.000    0.000    1.000      1.000    1.000      1.000    1.000     1.000     13
                 1.000    0.000    1.000      1.000    1.000      1.000    1.000     1.000     14
                 1.000    0.000    1.000      1.000    1.000      1.000    1.000     1.000     15
                 1.000    0.000    1.000      1.000    1.000      1.000    1.000     1.000     16
                 1.000    0.000    1.000      1.000    1.000      1.000    1.000     1.000     17
                 1.000    0.000    1.000      1.000    1.000      1.000    1.000     1.000     18
                 1.000    0.000    1.000      1.000    1.000      1.000    1.000     1.000     19
                 1.000    0.000    1.000      1.000    1.000      1.000    1.000     1.000     20
                 1.000    0.000    1.000      1.000    1.000      1.000    1.000     1.000     21
                 1.000    0.000    1.000      1.000    1.000      1.000    1.000     1.000     22
                 1.000    0.000    1.000      1.000    1.000      1.000    1.000     1.000     23
                 1.000    0.000    1.000      1.000    1.000      1.000    1.000     1.000     24
                 1.000    0.000    1.000      1.000    1.000      1.000    1.000     1.000     25
                 1.000    0.000    1.000      1.000    1.000      1.000    1.000     1.000     26
                 1.000    0.000    1.000      1.000    1.000      1.000    1.000     1.000     27
                 1.000    0.000    1.000      1.000    1.000      1.000    1.000     1.000     29
Weighted Avg.    1.000    0.000    1.000      1.000    1.000      1.000    1.000     1.000     

=== Confusion Matrix ===

   a   b   c   d   e   f   g   h   i   j   k   l   m   n   o   p   q   r   s   t   u   v   w   x   y   z  aa  ab   <-- classified as
   1   0   0   0   0   0   0   0   0   0   0   0   0   0   0   0   0   0   0   0   0   0   0   0   0   0   0   0 |   a = 1
   0   1   0   0   0   0   0   0   0   0   0   0   0   0   0   0   0   0   0   0   0   0   0   0   0   0   0   0 |   b = 2
   0   0  15   0   0   0   0   0   0   0   0   0   0   0   0   0   0   0   0   0   0   0   0   0   0   0   0   0 |   c = 3
   0   0   0  57   0   0   0   0   0   0   0   0   0   0   0   0   0   0   0   0   0   0   0   0   0   0   0   0 |   d = 4
   0   0   0   0 115   0   0   0   0   0   0   0   0   0   0   0   0   0   0   0   0   0   0   0   0   0   0   0 |   e = 5
   0   0   0   0   0 259   0   0   0   0   0   0   0   0   0   0   0   0   0   0   0   0   0   0   0   0   0   0 |   f = 6
   0   0   0   0   0   0 391   0   0   0   0   0   0   0   0   0   0   0   0   0   0   0   0   0   0   0   0   0 |   g = 7
   0   0   0   0   0   0   0 568   0   0   0   0   0   0   0   0   0   0   0   0   0   0   0   0   0   0   0   0 |   h = 8
   0   0   0   0   0   0   0   0 689   0   0   0   0   0   0   0   0   0   0   0   0   0   0   0   0   0   0   0 |   i = 9
   0   0   0   0   0   0   0   0   0 634   0   0   0   0   0   0   0   0   0   0   0   0   0   0   0   0   0   0 |   j = 10
   0   0   0   0   0   0   0   0   0   0 487   0   0   0   0   0   0   0   0   0   0   0   0   0   0   0   0   0 |   k = 11
   0   0   0   0   0   0   0   0   0   0   0 267   0   0   0   0   0   0   0   0   0   0   0   0   0   0   0   0 |   l = 12
   0   0   0   0   0   0   0   0   0   0   0   0 203   0   0   0   0   0   0   0   0   0   0   0   0   0   0   0 |   m = 13
   0   0   0   0   0   0   0   0   0   0   0   0   0 126   0   0   0   0   0   0   0   0   0   0   0   0   0   0 |   n = 14
   0   0   0   0   0   0   0   0   0   0   0   0   0   0 103   0   0   0   0   0   0   0   0   0   0   0   0   0 |   o = 15
   0   0   0   0   0   0   0   0   0   0   0   0   0   0   0  67   0   0   0   0   0   0   0   0   0   0   0   0 |   p = 16
   0   0   0   0   0   0   0   0   0   0   0   0   0   0   0   0  58   0   0   0   0   0   0   0   0   0   0   0 |   q = 17
   0   0   0   0   0   0   0   0   0   0   0   0   0   0   0   0   0  42   0   0   0   0   0   0   0   0   0   0 |   r = 18
   0   0   0   0   0   0   0   0   0   0   0   0   0   0   0   0   0   0  32   0   0   0   0   0   0   0   0   0 |   s = 19
   0   0   0   0   0   0   0   0   0   0   0   0   0   0   0   0   0   0   0  26   0   0   0   0   0   0   0   0 |   t = 20
   0   0   0   0   0   0   0   0   0   0   0   0   0   0   0   0   0   0   0   0  14   0   0   0   0   0   0   0 |   u = 21
   0   0   0   0   0   0   0   0   0   0   0   0   0   0   0   0   0   0   0   0   0   6   0   0   0   0   0   0 |   v = 22
   0   0   0   0   0   0   0   0   0   0   0   0   0   0   0   0   0   0   0   0   0   0   9   0   0   0   0   0 |   w = 23
   0   0   0   0   0   0   0   0   0   0   0   0   0   0   0   0   0   0   0   0   0   0   0   2   0   0   0   0 |   x = 24
   0   0   0   0   0   0   0   0   0   0   0   0   0   0   0   0   0   0   0   0   0   0   0   0   1   0   0   0 |   y = 25
   0   0   0   0   0   0   0   0   0   0   0   0   0   0   0   0   0   0   0   0   0   0   0   0   0   1   0   0 |   z = 26
   0   0   0   0   0   0   0   0   0   0   0   0   0   0   0   0   0   0   0   0   0   0   0   0   0   0   2   0 |  aa = 27
   0   0   0   0   0   0   0   0   0   0   0   0   0   0   0   0   0   0   0   0   0   0   0   0   0   0   0   1 |  ab = 29

