=== Run information ===

Scheme:       weka.classifiers.bayes.NaiveBayes 
Relation:     abalone-weka.filters.unsupervised.attribute.NumericToNominal-R1,9
Instances:    4176
Attributes:   9
              M
              0.455
              0.365
              0.095
              0.514
              0.2245
              0.101
              0.15
              15
Test mode:    evaluate on training data

=== Classifier model (full training set) ===

Naive Bayes Classifier

                 Class
Attribute            1       2       3       4       5       6       7       8       9      10      11      12      13      14      15      16      17      18      19      20      21      22      23      24      25      26      27      29
                   (0)     (0)     (0)  (0.01)  (0.03)  (0.06)  (0.09)  (0.14)  (0.16)  (0.15)  (0.12)  (0.06)  (0.05)  (0.03)  (0.02)  (0.02)  (0.01)  (0.01)  (0.01)  (0.01)     (0)     (0)     (0)     (0)     (0)     (0)     (0)     (0)
===============================================================================================================================================================================================================================================
M
  M                 1.0     1.0     4.0     7.0    12.0    28.0    81.0   173.0   279.0   295.0   226.0   119.0    92.0    57.0    52.0    31.0    26.0    19.0    16.0    13.0     7.0     4.0     4.0     2.0     1.0     2.0     2.0     1.0
  F                 1.0     1.0     1.0     1.0     5.0    17.0    45.0   123.0   239.0   249.0   201.0   129.0    89.0    57.0    42.0    31.0    27.0    20.0    16.0    13.0     8.0     4.0     7.0     2.0     2.0     1.0     2.0     2.0
  I                 2.0     2.0    13.0    52.0   101.0   217.0   268.0   275.0   174.0    93.0    63.0    22.0    25.0    15.0    11.0     8.0     8.0     6.0     3.0     3.0     2.0     1.0     1.0     1.0     1.0     1.0     1.0     1.0
  [total]           4.0     4.0    18.0    60.0   118.0   262.0   394.0   571.0   692.0   637.0   490.0   270.0   206.0   129.0   105.0    70.0    61.0    45.0    35.0    29.0    17.0     9.0    12.0     5.0     4.0     4.0     5.0     4.0

0.455
  mean           0.0723  0.1502  0.1762  0.2214  0.2855  0.3691  0.4219  0.4985  0.5468  0.5745  0.5993  0.5894  0.5788    0.58   0.577  0.5875   0.601  0.5964  0.5957  0.6037  0.6176  0.5944  0.5873  0.6955  0.6454  0.6009  0.6092  0.7011
  std. dev.      0.0009  0.0009  0.0337  0.0494  0.0603   0.075  0.0759  0.0792  0.0829  0.0856  0.0868  0.0893  0.0852  0.0797  0.0683  0.0765  0.0692  0.0727   0.067  0.0563  0.0722  0.0503  0.0968  0.0056  0.0009  0.0009  0.0584  0.0009
  weight sum          1       1      15      57     115     259     391     568     689     634     487     267     203     126     102      67      58      42      32      26      14       6       9       2       1       1       2       1
  precision      0.0056  0.0056  0.0056  0.0056  0.0056  0.0056  0.0056  0.0056  0.0056  0.0056  0.0056  0.0056  0.0056  0.0056  0.0056  0.0056  0.0056  0.0056  0.0056  0.0056  0.0056  0.0056  0.0056  0.0056  0.0056  0.0056  0.0056  0.0056

0.365
  mean           0.0541  0.0974  0.1284  0.1615  0.2109  0.2789  0.3215  0.3846  0.4251  0.4492  0.4707  0.4621  0.4566  0.4583  0.4573  0.4682  0.4753  0.4714  0.4708   0.482  0.4857  0.4724   0.464  0.5409  0.4922  0.4976  0.5003  0.5842
  std. dev.      0.0009  0.0009  0.0238  0.0384  0.0473  0.0603  0.0616  0.0648  0.0676  0.0694  0.0711  0.0724  0.0698  0.0646  0.0584  0.0651  0.0579  0.0582  0.0612  0.0521  0.0666   0.054  0.0754  0.0009  0.0009  0.0009  0.0352  0.0009
  weight sum          1       1      15      57     115     259     391     568     689     634     487     267     203     126     102      67      58      42      32      26      14       6       9       2       1       1       2       1
  precision      0.0054  0.0054  0.0054  0.0054  0.0054  0.0054  0.0054  0.0054  0.0054  0.0054  0.0054  0.0054  0.0054  0.0054  0.0054  0.0054  0.0054  0.0054  0.0054  0.0054  0.0054  0.0054  0.0054  0.0054  0.0054  0.0054  0.0054  0.0054

0.095
  mean                0  0.0226  0.0392  0.0551  0.0704  0.0918  0.1055  0.1291  0.1441  0.1551  0.1624  0.1623  0.1621  0.1639  0.1617  0.1727  0.1757  0.1722  0.1695  0.1765  0.1727  0.1959  0.1758  0.2034   0.226  0.2034  0.2034  0.1808
  std. dev.      0.0038  0.0038   0.013  0.0169  0.0188  0.0237  0.0241  0.0493  0.0272  0.0318  0.0304  0.0293  0.0306  0.0313  0.0286  0.0302  0.0314  0.0251   0.024  0.0178  0.0265  0.0337  0.0277  0.0226  0.0038  0.0038  0.0226  0.0038
  weight sum          1       1      15      57     115     259     391     568     689     634     487     267     203     126     102      67      58      42      32      26      14       6       9       2       1       1       2       1
  precision      0.0226  0.0226  0.0226  0.0226  0.0226  0.0226  0.0226  0.0226  0.0226  0.0226  0.0226  0.0226  0.0226  0.0226  0.0226  0.0226  0.0226  0.0226  0.0226  0.0226  0.0226  0.0226  0.0226  0.0226  0.0226  0.0226  0.0226  0.0226

0.514
  mean           0.0023  0.0151  0.0283  0.0596  0.1255  0.2732  0.3974  0.6408   0.852  1.0087  1.1426  1.1029  1.0755    1.08  1.0461  1.1334  1.2342  1.1944  1.1668  1.2518  1.2505  1.2212  1.1703   1.799  1.4059  1.0571  1.6984  1.8071
  std. dev.      0.0002  0.0002  0.0154  0.0382  0.0755  0.1793  0.2239  0.2959  0.3617  0.4159  0.4634  0.5002  0.4542  0.4515  0.3635  0.4159  0.4732  0.4137   0.387  0.3703   0.358   0.489  0.5181  0.1791  0.0002  0.0002  0.4855  0.0002
  weight sum          1       1      15      57     115     259     391     568     689     634     487     267     203     126     102      67      58      42      32      26      14       6       9       2       1       1       2       1
  precision      0.0012  0.0012  0.0012  0.0012  0.0012  0.0012  0.0012  0.0012  0.0012  0.0012  0.0012  0.0012  0.0012  0.0012  0.0012  0.0012  0.0012  0.0012  0.0012  0.0012  0.0012  0.0012  0.0012  0.0012  0.0012  0.0012  0.0012  0.0012

0.2245
  mean            0.001  0.0049   0.012  0.0247  0.0617  0.1232  0.1827  0.2938  0.3879  0.4472   0.504  0.4728  0.4347  0.4272  0.4042  0.4217   0.467  0.4469  0.4406  0.4581  0.4475  0.4051  0.3994  0.6006  0.4263   0.384  0.5387  0.7052
  std. dev.      0.0002  0.0002  0.0075  0.0166  0.0648   0.086  0.1112   0.145  0.1823  0.2029  0.2298  0.2434  0.2208  0.2107  0.1459  0.1608    0.19  0.1614  0.1794  0.1431  0.1376  0.1895  0.2017  0.0673  0.0002  0.0002  0.2146  0.0002
  weight sum          1       1      15      57     115     259     391     568     689     634     487     267     203     126     102      67      58      42      32      26      14       6       9       2       1       1       2       1
  precision       0.001   0.001   0.001   0.001   0.001   0.001   0.001   0.001   0.001   0.001   0.001   0.001   0.001   0.001   0.001   0.001   0.001   0.001   0.001   0.001   0.001   0.001   0.001   0.001   0.001   0.001   0.001   0.001

0.101
  mean           0.0009  0.0043  0.0062  0.0129  0.0273  0.0584  0.0859  0.1385  0.1878  0.2231  0.2524  0.2396  0.2354  0.2353  0.2288  0.2398  0.2512  0.2428  0.2489  0.2511  0.2466  0.2169  0.2548  0.3331  0.2281  0.1901  0.2981  0.3214
  std. dev.      0.0001  0.0001  0.0035  0.0085  0.0166  0.0385  0.0505  0.0677  0.0838  0.0952  0.1068  0.1134  0.1038  0.0991   0.083  0.0895  0.0904  0.0897  0.1024  0.0928  0.0868  0.0852   0.129  0.0203  0.0001  0.0001  0.0933  0.0001
  weight sum          1       1      15      57     115     259     391     568     689     634     487     267     203     126     102      67      58      42      32      26      14       6       9       2       1       1       2       1
  precision      0.0009  0.0009  0.0009  0.0009  0.0009  0.0009  0.0009  0.0009  0.0009  0.0009  0.0009  0.0009  0.0009  0.0009  0.0009  0.0009  0.0009  0.0009  0.0009  0.0009  0.0009  0.0009  0.0009  0.0009  0.0009  0.0009  0.0009  0.0009

0.15
  mean           0.0011  0.0054  0.0091   0.018  0.0367  0.0784  0.1116  0.1786  0.2365   0.283  0.3199  0.3212  0.3208  0.3299  0.3233  0.3779  0.3935  0.3867  0.3653  0.4259  0.4446    0.39  0.3705  0.6325  0.5099  0.3754  0.7052  0.4752
  std. dev.      0.0002  0.0002  0.0042  0.0123  0.0203  0.0501  0.0566  0.0754  0.0916  0.1067  0.1166  0.1321  0.1166  0.1296  0.1136  0.1489  0.1596  0.1664  0.1067  0.1363  0.1527  0.1409  0.1156   0.077  0.0002  0.0002  0.1801  0.0002
  weight sum          1       1      15      57     115     259     391     568     689     634     487     267     203     126     102      67      58      42      32      26      14       6       9       2       1       1       2       1
  precision      0.0011  0.0011  0.0011  0.0011  0.0011  0.0011  0.0011  0.0011  0.0011  0.0011  0.0011  0.0011  0.0011  0.0011  0.0011  0.0011  0.0011  0.0011  0.0011  0.0011  0.0011  0.0011  0.0011  0.0011  0.0011  0.0011  0.0011  0.0011



Time taken to build model: 0 seconds

=== Evaluation on training set ===

Time taken to test model on training data: 0.4 seconds

=== Summary ===

Correctly Classified Instances        1021               24.4492 %
Incorrectly Classified Instances      3155               75.5508 %
Kappa statistic                          0.1467
Mean absolute error                      0.0574
Root mean squared error                  0.1906
Relative absolute error                 89.7539 %
Root relative squared error            106.5743 %
Total Number of Instances             4176     

=== Detailed Accuracy By Class ===

                 TP Rate  FP Rate  Precision  Recall   F-Measure  MCC      ROC Area  PRC Area  Class
                 1.000    0.000    1.000      1.000    1.000      1.000    1.000     1.000     1
                 1.000    0.000    1.000      1.000    1.000      1.000    1.000     1.000     2
                 0.867    0.010    0.245      0.867    0.382      0.458    0.995     0.311     3
                 0.421    0.015    0.286      0.421    0.340      0.336    0.979     0.270     4
                 0.443    0.045    0.219      0.443    0.293      0.284    0.939     0.237     5
                 0.371    0.070    0.259      0.371    0.305      0.255    0.862     0.250     6
                 0.327    0.111    0.234      0.327    0.273      0.187    0.803     0.232     7
                 0.257    0.123    0.247      0.257    0.252      0.131    0.704     0.240     8
                 0.284    0.178    0.240      0.284    0.260      0.100    0.647     0.239     9
                 0.203    0.112    0.246      0.203    0.223      0.099    0.657     0.224     10
                 0.458    0.174    0.258      0.458    0.330      0.225    0.725     0.260     11
                 0.007    0.001    0.286      0.007    0.015      0.037    0.680     0.128     12
                 0.000    0.000    0.000      0.000    0.000      0.000    0.641     0.069     13
                 0.000    0.000    0.000      0.000    0.000      0.000    0.664     0.068     14
                 0.000    0.000    0.000      0.000    0.000      -0.002   0.690     0.074     15
                 0.000    0.000    0.000      0.000    0.000      -0.002   0.750     0.081     16
                 0.052    0.003    0.214      0.052    0.083      0.099    0.733     0.055     17
                 0.000    0.000    0.000      0.000    0.000      0.000    0.754     0.060     18
                 0.000    0.000    0.000      0.000    0.000      0.000    0.712     0.016     19
                 0.077    0.004    0.118      0.077    0.093      0.091    0.812     0.035     20
                 0.000    0.000    0.000      0.000    0.000      0.000    0.834     0.089     21
                 0.000    0.000    0.000      0.000    0.000      0.000    0.813     0.080     22
                 0.000    0.000    0.000      0.000    0.000      0.000    0.746     0.117     23
                 1.000    0.001    0.286      1.000    0.444      0.534    1.000     1.000     24
                 1.000    0.000    1.000      1.000    1.000      1.000    1.000     1.000     25
                 1.000    0.000    1.000      1.000    1.000      1.000    1.000     1.000     26
                 0.500    0.009    0.027      0.500    0.051      0.115    0.927     0.252     27
                 1.000    0.000    1.000      1.000    1.000      1.000    1.000     1.000     29
Weighted Avg.    0.244    0.100    0.213      0.244    0.212      0.129    0.718     0.206     

=== Confusion Matrix ===

   a   b   c   d   e   f   g   h   i   j   k   l   m   n   o   p   q   r   s   t   u   v   w   x   y   z  aa  ab   <-- classified as
   1   0   0   0   0   0   0   0   0   0   0   0   0   0   0   0   0   0   0   0   0   0   0   0   0   0   0   0 |   a = 1
   0   1   0   0   0   0   0   0   0   0   0   0   0   0   0   0   0   0   0   0   0   0   0   0   0   0   0   0 |   b = 2
   0   0  13   2   0   0   0   0   0   0   0   0   0   0   0   0   0   0   0   0   0   0   0   0   0   0   0   0 |   c = 3
   0   0  25  24   7   1   0   0   0   0   0   0   0   0   0   0   0   0   0   0   0   0   0   0   0   0   0   0 |   d = 4
   0   0  11  33  51  17   3   0   0   0   0   0   0   0   0   0   0   0   0   0   0   0   0   0   0   0   0   0 |   e = 5
   0   0   3  17  79  96  45  12   5   1   1   0   0   0   0   0   0   0   0   0   0   0   0   0   0   0   0   0 |   f = 6
   0   0   1   6  55 119 128  50  25   4   3   0   0   0   0   0   0   0   0   0   0   0   0   0   0   0   0   0 |   g = 7
   0   0   0   2  18  63 143 146 132  40  24   0   0   0   0   0   0   0   0   0   0   0   0   0   0   0   0   0 |   h = 8
   0   0   0   0  11  34  93 124 196 112 119   0   0   0   0   0   0   0   0   0   0   0   0   0   0   0   0   0 |   i = 9
   0   0   0   0   7  24  51  76 150 129 195   0   0   0   0   0   0   0   0   0   0   0   0   0   0   0   2   0 |   j = 10
   0   0   0   0   4   8  32  54  92  65 223   3   0   0   0   0   0   0   0   0   0   0   0   2   0   0   4   0 |   k = 11
   0   0   0   0   0   6  18  42  50  41  98   2   0   0   1   0   0   0   0   3   0   0   0   0   0   0   6   0 |   l = 12
   0   0   0   0   1   2  15  26  54  31  68   0   0   0   0   0   2   0   0   2   0   0   0   1   0   0   1   0 |   m = 13
   0   0   0   0   0   1   6  21  31  26  31   1   0   0   0   0   3   0   0   1   0   0   0   1   0   0   4   0 |   n = 14
   0   0   0   0   0   0   4  19  21  30  24   0   0   0   0   0   1   0   0   1   0   0   0   1   0   0   1   0 |   o = 15
   0   0   0   0   0   0   6   4  17  10  21   0   0   0   0   0   2   0   0   3   0   0   0   0   0   0   4   0 |   p = 16
   0   0   0   0   0   0   0   5  19   9  15   0   0   0   0   0   3   0   0   1   0   0   0   0   0   0   6   0 |   q = 17
   0   0   0   0   0   0   3   4   5   9  15   0   0   0   0   0   1   0   0   2   0   0   0   0   0   0   3   0 |   r = 18
   0   0   0   0   0   0   1   2  10   7  12   0   0   0   0   0   0   0   0   0   0   0   0   0   0   0   0   0 |   s = 19
   0   0   0   0   0   0   0   2   3   9   7   0   0   0   0   0   0   0   0   2   0   0   0   0   0   0   3   0 |   t = 20
   0   0   0   0   0   0   0   2   2   1   5   0   0   0   0   0   1   0   0   2   0   0   0   0   0   0   1   0 |   u = 21
   0   0   0   0   0   0   0   1   2   0   1   0   0   0   0   0   1   0   0   0   0   0   0   0   0   0   1   0 |   v = 22
   0   0   0   0   0   0   0   1   3   1   3   1   0   0   0   0   0   0   0   0   0   0   0   0   0   0   0   0 |   w = 23
   0   0   0   0   0   0   0   0   0   0   0   0   0   0   0   0   0   0   0   0   0   0   0   2   0   0   0   0 |   x = 24
   0   0   0   0   0   0   0   0   0   0   0   0   0   0   0   0   0   0   0   0   0   0   0   0   1   0   0   0 |   y = 25
   0   0   0   0   0   0   0   0   0   0   0   0   0   0   0   0   0   0   0   0   0   0   0   0   0   1   0   0 |   z = 26
   0   0   0   0   0   0   0   0   0   0   0   0   0   0   0   1   0   0   0   0   0   0   0   0   0   0   1   0 |  aa = 27
   0   0   0   0   0   0   0   0   0   0   0   0   0   0   0   0   0   0   0   0   0   0   0   0   0   0   0   1 |  ab = 29

